1
5
3
2

2
1
4
1

3
0
5
3

4
5
4
1

5
2
7
2

6
9
10
3

7
3
500
1

8
7
30
12

9
20
5
7

10
0
1
15

11
43
4
3

12
40
5
2

13
12
4
2

14
18
71
4

15
1
2
3

16
2
3
4

17
3
4
5

18
4
5
6

19
5
6
7

20
6
7
8

21
7
8
7

22
8
9
6

23
9
10
5

24
10
11
4

25
11
12
3

26
12
13
2

27
13
14
1

28
14
15
2

29
15
72
3

30
16
42
14

31
17
5
5

32
18
18
2

37
19
20
1

36
20
5
2

35
30
21
7

34
25
1
8

33
21
4
6

38
22
16
8

39
23
17
7

40
26
18
6

41
25
19
5

42
24
42
24

43
44
45
1

44
36
30
5

45
34
2
1

46
46
46
10

47
3
2
1

48
0
23
8

49
39
29
9

50
5
675
3

51
5
5
2

52
1
4
4

53
5
10
2

54
5
5
2

55
2
7
2

56
9
10
3

57
3
500
1

58
7
30
12

59
2
5
7

60
30
1
15

61
31
4
3

62
31
5
2

63
32
4
2

64
33
71
4

65
34
2
3

66
35
3
4

67
36
4
5

68
37
5
6

68
39
6
7

70
40
7
8

71
41
8
7

72
42
9
9

73
43
10
5

74
44
11
4

75
45
12
3

76
46
13
2

77
47
14
1

78
48
15
2

79
49
72
3

80
50
42
14

81
17
5
5

82
18
18
2

87
19
20
1

86
20
5
2

85
30
21
7

84
25
1
8

83
21
4
6

88
22
16
8

89
23
17
7

90
26
18
6

91
20
19
2

92
24
52
4

93
44
5
1

94
31
3
5

95
3
20
1

96
4
4
10

97
30
23
6

98
8
3
4

99
38
5
3

100
35
81
5
